123(1490, '\n')
1590
1720
1640
-1 day, 23:58:06.527560
0.0
0
64.89333333333336
13.434833333333343
12.751916666666673
6.270416666666671
14.738583333333342
5.7116666666666704
14.477833333333338
39.03799999999994
6.5063333333333375
10.273666666666674
11.423333333333341
3.911250000000002
2.812000000000001
2.664000000000001
24.746416666666644
6.014916666666672
26.247583333333278
374468.0851063828
47572.38307349669
217687.32654949112
-58831.75237144287
-163894.2976356049
8350.273651290066
58342.54143646407
5579.937304075238
597.7286312014534
11736.263736263727
3325.0311332503165
5993.413830954999
1389.1145410235574